6202043744
9877807391
7992325511
8709958515
9128706051
9693260180
8873197367
9534463495
9801460848
6205348492
8804300275
7079095129
8210615716
9234954068
9110174241
6206399968
9229753721
9199177675
7545930480
7739127539
7970887401
6206535601
7878041583
8603552850
6201651066
9771572355
9204274434
8809480856
9082215742
9798296619
6204677456
9798085326
9135883897
7520998009
7542948151
6203220133
8271732525
7461956506
9798989443
7970530890
9015439873
9942999596
6200464540
9153549026
9508710277
8603850121
7061431159
8847389574