24105124004
24105124009
24105124019
24105124021
24105124047
24105124048
24105124051
24105124078
24105124090
24159124018
25105124001
25105124002
25105124005
25105124006
25105124010
25105124011
25105124019
25105124021
25105124024
25105124028
25105124029
25105124034
25105124036
25105124038
25105124040
25105124042
25105124045
25105124046
25105124047
25105124053
25105124056
25105124058
25105124061
25105124066
25105124068
25105124069
25105124070
25105124072
25105124075
25105124089
25105124090
25105124905
25113124016
25113124025
26/cse/2026
26/CSE/66
24105124030
24105124058